00100100
00100001
00000000
00000001
00100100
00100001
00000000
00000010
00001000
00000000
00000000
00000101
00100100
00100001
00000000
00000001
11111111
11111111
11111111
11111111
00100100
00100001
00000000
00000100
00100100
00100001
00000000
00001000
00001000
00000000
00000000
00001010
00100100
00100001
00000000
00000001
11111111
11111111
11111111
11111111
00100100
00100001
00000000
00010000
00100100
00100001
00000000
00100000
11111111
11111111
11111111
11111111
